  0.000000000000000E+000  0.000000000000000E+000  0.000000000000000E+000
  0.000000000000000E+000  0.000000000000000E+000  0.000000000000000E+000
  0.000000000000000E+000  0.000000000000000E+000  0.000000000000000E+000
  0.000000000000000E+000  0.000000000000000E+000  0.000000000000000E+000
  0.000000000000000E+000  0.000000000000000E+000  0.000000000000000E+000
  0.000000000000000E+000  0.000000000000000E+000  0.000000000000000E+000
  0.000000000000000E+000  0.000000000000000E+000  0.000000000000000E+000
  0.000000000000000E+000  0.000000000000000E+000  0.000000000000000E+000
  0.000000000000000E+000  0.000000000000000E+000  0.000000000000000E+000
  0.000000000000000E+000  0.000000000000000E+000  0.000000000000000E+000
  0.000000000000000E+000  0.000000000000000E+000  0.000000000000000E+000
  0.000000000000000E+000  0.000000000000000E+000  0.000000000000000E+000
  0.000000000000000E+000  0.000000000000000E+000  0.000000000000000E+000
  0.000000000000000E+000  0.000000000000000E+000  0.000000000000000E+000
  0.000000000000000E+000  0.000000000000000E+000  0.000000000000000E+000
  0.000000000000000E+000  0.000000000000000E+000  0.000000000000000E+000
  0.000000000000000E+000  0.000000000000000E+000  0.000000000000000E+000
  0.000000000000000E+000  0.000000000000000E+000  0.000000000000000E+000
  0.000000000000000E+000  0.000000000000000E+000  0.000000000000000E+000
  0.000000000000000E+000  0.000000000000000E+000  0.000000000000000E+000
  0.000000000000000E+000  0.000000000000000E+000  0.000000000000000E+000
  0.000000000000000E+000  0.000000000000000E+000  0.000000000000000E+000
  0.000000000000000E+000  0.000000000000000E+000  0.000000000000000E+000
  0.000000000000000E+000  0.000000000000000E+000  0.000000000000000E+000
  0.000000000000000E+000  0.000000000000000E+000  0.000000000000000E+000
  0.000000000000000E+000  0.000000000000000E+000  0.000000000000000E+000
  0.000000000000000E+000  0.000000000000000E+000  0.000000000000000E+000
  0.000000000000000E+000  0.000000000000000E+000  0.000000000000000E+000
  0.000000000000000E+000  0.000000000000000E+000  0.000000000000000E+000
  0.000000000000000E+000  0.000000000000000E+000  0.000000000000000E+000
  0.000000000000000E+000  0.000000000000000E+000  0.000000000000000E+000
  0.000000000000000E+000  0.000000000000000E+000  0.000000000000000E+000
  0.000000000000000E+000  0.000000000000000E+000  0.000000000000000E+000
  0.000000000000000E+000
  0.948984619355586     
  0.997494986604054     
  0.983985946873937     
  0.909297426825682     
  0.778073196887921     
  0.598472144103957     
  0.381660992052332     
  0.141120008059867     
 -0.108195134530108     
 -0.350783227689620     
  0.778073196887921     
  0.598472144103957     
  0.381660992052332     
  0.141120008059867     
 -0.108195134530108     
 -0.350783227689620     
 -0.571561318742344     
 -0.756802495307928     
 -0.894989358228583     
 -0.977530117665097     
 -0.108195134530108     
 -0.350783227689620     
 -0.571561318742344     
 -0.756802495307928     
 -0.894989358228583     
 -0.977530117665097     
 -0.999292788975378     
 -0.958924274663138     
 -0.858934493426592     
 -0.705540325570392     
 -0.894989358228583     
 -0.977530117665097     
 -0.999292788975378     
 -0.958924274663138     
 -0.858934493426592     
 -0.705540325570392     
 -0.508279077499258     
 -0.279415498198926     
 -3.317921654755682E-002
  0.215119988087816     
 -0.858934493426592     
 -0.705540325570392     
 -0.508279077499258     
 -0.279415498198926     
 -3.317921654755682E-002
  0.215119988087816     
  0.450044073780618     
  0.656986598718789     
  0.823080879011506     
  0.937999976774739     
 -3.317921654755682E-002
  0.215119988087816     
  0.450044073780618     
  0.656986598718789     
  0.823080879011506     
  0.937999976774739     
  0.994598779111176     
  0.989358246623382     
  0.922604210239340     
  0.798487112623490     
  0.823080879011506     
  0.937999976774739     
  0.994598779111176     
  0.989358246623382     
  0.922604210239340     
  0.798487112623490     
  0.624723953754192     
  0.412118485241757     
  0.173889485380434     
 -7.515112046180930E-002
  0.922604210239340     
  0.798487112623490     
  0.624723953754192     
  0.412118485241757     
  0.173889485380434     
 -7.515112046180930E-002
 -0.319519193622274     
 -0.544021110889370     
 -0.734698430404795     
 -0.879695759971670     
  0.173889485380434     
 -7.515112046180930E-002
 -0.319519193622274     
 -0.544021110889370     
 -0.734698430404795     
 -0.879695759971670     
 -0.969997867920679     
 -0.999990206550703     
 -0.967807997511261     
 -0.875452174688429     
 -0.734698430404795     
 -0.879695759971670     
 -0.969997867920679     
 -0.999990206550703     
 -0.967807997511261     
 -0.875452174688429     
 -0.728664975827170     
 -0.536572918000435     
 -0.311119354981127     
 -6.632189735120068E-002
