  0.000000000000000E+000
   6.65665629953549     
   7.17943729964769     
   6.72045893742796     
   5.39209512337769     
   3.51957564748400     
  -5.53549736320886     
  -7.49371442684737     
  -9.05818924584436     
  -9.84588382154254     
  -9.66394305000228     
  -8.78411937333128     
  -7.67708870083187     
  -5.91600784504563     
  -3.93205081931107     
  -2.21095949644824     
   6.11184183471279     
   7.14868427370874     
   7.24742263862737     
   6.38388233411573     
   4.76948814373926     
  -3.03735042327776     
  -5.00733849774914     
  -6.85059866994883     
  -8.11583656377644     
  -8.49327781610877     
